1662.00 981.00
1553.00 965.00
1443.00 937.00
1333.00 912.00
1223.00 871.00
1113.00 827.00
1062.11 866.73
1049.00 918.00
1019.27 959.54
956.00 971.00
871.13 929.20
846.00 927.00
736.00 925.00
681.94 916.71
736.00 914.00
846.00 910.00
867.56 902.43
925.00 820.00
828.00 812.00
718.00 804.00
608.00 802.00
498.00 797.00
388.00 789.00
278.00 781.00
248.22 779.28
308.00 774.00
319.62 766.78
244.00 749.00
351.00 746.00
301.77 731.09
344.00 720.00
454.00 728.00
494.53 723.95
434.00 696.00
496.31 666.83
535.00 641.00
615.90 632.92
602.00 621.00
585.56 597.22
655.17 584.73
669.00 573.00
726.56 565.10
776.00 544.00
817.59 556.17
855.07 550.82
883.00 522.00
915.75 520.47
935.39 511.55
949.66 522.26
972.87 543.68
982.00 560.00
1004.99 552.60
1072.00 475.00
1172.00 389.00
1244.00 279.00
1327.00 169.00
1370.89 111.75
1403.01 109.96
1409.00 129.00
1406.58 163.51
1445.85 134.95
1466.00 145.00
1458.34 181.36
1467.27 200.99
1432.00 253.00
1348.00 363.00
1288.00 473.00
1255.00 576.00
1269.15 568.67
1311.99 590.08
1335.19 616.86
1355.00 616.00
1369.10 631.13
1408.37 629.35
1446.00 653.00
1520.81 697.17
1524.00 721.00
1567.22 754.29
1554.72 781.06
1585.00 787.00
1617.19 831.04
1577.93 847.10
1573.00 859.00
1622.55 861.38
1683.00 845.00
1693.94 861.38
1699.30 884.58
1654.68 909.57
1664.00 913.00
1740.35 941.70
1724.00 957.00
1740.35 975.61
1663.00 981.00
